coordinates_list = 

F
[[(0,2),(0,-2),(1,0),(-1,0),(0,1),(1,0),(0,0)

C
,(1,1),(0,-2),(1,0),(-1,0),(0,2),(1,0),(0,0)

S
,(2,-2),(-1,0),(0,1),(1,0),(0,1),(-1,0),(0,0)

C
,(2,0),(0,-2),(1,0),(-1,0),(0,2),(1,0),(0,0)

{
,(3,-2),(-1,0),(0,1),(-1,0),(1,0),(0,1),(1,0),(0,0)

3 p1
,(4,-2),(-2,0),(0,0)

3p2
,(0,2),(2,0),(0,-2),(0,1),(-2,0),(0,0)

??? 1 ???
,(3,-1),(0,2),(0,0)

6
,(3,-2),(-1,0),(-1,1),(0,1),(2,0),(0,-1),(-2,0),(0,0)

8
,(3,0),(1,0),(0,-1),(-1,0),(0,2),(1,0),(0,-1),(0,0)

3 p1
,(1,1),(1,0),(0,-2),(-1,0),(0,0)

3 p2
,(0,1),(1,0),(0,0)

4
,(2,1),(0,-2),(-1,1),(2,0),(0,0)

7
,(1,-1),(1,0),(-1,2),(0,0)

7 p2 ???
,(0,-1),(1,0),(0,0)

2
,(1,-1),(1,0),(0,1),(-1,0),(0,1),(1,0),(0,0)

5
,(1,0),(1,0),(0,-1),(-1,0),(0,-1),(1,0),(0,0)

6
,(1,2),(0,-2),(1,0),(-1,0),(0,2),(1,0),(0,-1),(-1,0),(0,0)

0
,(2,1),(1,0),(-1,0),(0,-2),(1,0),(-1,2),(1,0),(0,-2),(0,0)

4
,(1,0),(0,1),(1,0),(0,-1),(0,2),(0,0)

}
,(2,-2),(1,0),(0,1),(1,0),(-1,0),(0,1),(-1,0)]]
